3,2
3,1
3,3
10,115
10,109
10,215
10,193
10,267
10,277
10,255
11,12
8,2
8,3
46,3
46,1
35,4
35,3
35,2
35,1
35,0
24,3
24,2
24,1
24,0
20,3
20,2
20,1
19,2
12,3
19,1
12,2
19,3
12,1
11,28
11,27
11,26
11,25
11,24
11,23
11,22
11,21
11,20
11,19
11,18
11,17
11,16
11,15
11,14
11,13
11,11
11,10
11,9
11,8
11,7
11,6
11,5
11,4
11,3
11,2
11,1
10,303
10,302
10,293
10,291
10,289
10,281
10,259
10,253
10,248
10,246
10,242
10,224
10,203
10,197
10,187
10,183
10,172
10,170
10,161
10,158
10,143
10,111
10,110
10,106
10,105
10,102
10,96
10,87
10,76
18,1
10,33
18,3
10,8
10,3
10,2
14,1
10,1
14,3
9,7
13,1
9,6
13,3
9,5
9,4
9,3
9,2
9,1
8,17
